TID	total	cl6	cl5	cl4	cl3	cl2
526227	3072	1661	1836	2014	2235	2483
316278	2534	1091	1246	1422	1597	1833
633147	1739	930	1042	1167	1299	1476
312284	2668	1380	1555	1744	1938	2229
649754	2654	1287	1427	1569	1764	1978
83332	4003	1823	2048	2309	2567	2946
655811	1764	963	1058	1153	1259	1386
633149	3327	1573	1747	1967	2207	2522
325240	4307	2170	2451	2773	3145	3592
742766	4156	2029	2213	2462	2752	3159
742767	3429	1776	1948	2130	2353	2683
208596	2420	1380	1543	1683	1866	2075
330214	4268	1782	1999	2243	2456	2783
888741	2518	979	1129	1237	1392	1593
290340	4042	2015	2236	2512	2797	3230
561177	2069	1001	1101	1192	1308	1441
762963	3042	1310	1492	1647	1829	2037
635013	2949	1533	1727	1919	2123	2409
762984	3272	1488	1632	1797	1987	2236
471870	4911	2057	2254	2475	2750	3110
467661	4274	2102	2352	2621	2979	3362
862515	2335	961	1058	1149	1259	1406
537011	3337	1227	1351	1478	1646	1863
350058	5979	2682	3032	3374	3765	4331
908937	2766	1187	1287	1401	1528	1701
467705	2051	1092	1215	1296	1441	1572
547042	3838	1382	1532	1691	1899	2112
457405	2418	1097	1245	1372	1543	1747
212717	2380	1355	1489	1641	1838	2060
367928	1632	907	997	1091	1178	1306
743525	2446	1282	1447	1595	1763	1965
715451	4371	2061	2323	2621	3004	3446
908338	1724	904	997	1122	1263	1400
680646	1904	825	935	1028	1140	1271
743718	2881	1547	1712	1913	2120	2450
365046	3880	1947	2278	2526	2832	3182
575611	2617	1216	1334	1456	1581	1764
634500	4583	2449	2786	3140	3563	4020
546271	2647	1221	1386	1524	1673	1881
243230	2997	1462	1623	1768	1976	2208
243231	3428	1770	1977	2209	2436	2712
158878	2730	1376	1548	1723	1898	2117
765698	5870	3003	3343	3750	4245	4828
873517	2333	1206	1345	1480	1673	1886
861360	3376	1621	1811	2009	2231	2530
879308	2157	1030	1125	1219	1347	1502
888048	2080	1077	1198	1285	1426	1557
398720	3735	1979	2207	2472	2758	3142
471874	4737	2145	2427	2699	3056	3483
535289	3479	1871	2158	2375	2646	2967
760192	6451	2707	3058	3471	3981	4716
944559	5992	2855	3179	3533	3885	4358
446469	3710	1925	2149	2409	2694	3086
203275	3001	1423	1562	1729	1905	2147
428125	3923	1519	1658	1808	2008	2257
529507	3607	1932	2190	2433	2733	3093
452863	3885	1986	2220	2483	2786	3194
314266	3914	1729	1942	2201	2460	2831
596329	1871	1052	1149	1267	1389	1536
349163	3063	1681	1860	2060	2252	2539
345219	3290	1665	1880	2056	2237	2474
313589	4100	1923	2168	2485	2806	3269
596154	4607	2430	2886	3162	3526	4014
195103	2876	1440	1588	1758	1943	2172
908612	2955	1483	1625	1789	1992	2234
457412	3525	1916	2109	2304	2571	2914
306537	2104	1090	1213	1336	1472	1631
767100	1640	805	885	973	1059	1154
245018	2771	1411	1568	1712	1922	2163
161528	2941	1384	1531	1706	1876	2126
232363	2719	1156	1319	1514	1709	1953
706434	1774	927	1036	1142	1264	1397
690566	3950	1897	2118	2359	2616	2997
76114	4113	1924	2173	2430	2776	3206
504474	2022	1025	1135	1256	1372	1544
292415	2827	1515	1724	1925	2137	2392
987059	3898	2006	2278	2513	2841	3192
706433	2035	1075	1197	1310	1437	1623
1005090	559	386	434	463	496	534
622637	4637	1952	2164	2522	2851	3343
888052	2070	958	1082	1177	1284	1433
313627	5691	2393	2682	2951	3257	3648
888057	1956	1034	1198	1317	1455	1610
321955	4044	1950	2164	2401	2702	3146
888059	2445	1107	1251	1372	1540	1734
395019	12100	5594	6281	7070	7999	9105
575615	2926	1119	1234	1357	1525	1723
383407	4360	1986	2214	2450	2737	3104
657309	4407	1786	1965	2158	2399	2726
645127	2018	1020	1137	1257	1399	1558
398513	1852	891	979	1068	1171	1306
649743	2592	956	1104	1207	1327	1482
478801	2554	1270	1416	1585	1784	2053
764299	2473	1226	1351	1465	1590	1744
446462	6916	3174	3571	4033	4623	5368
445970	2742	1043	1173	1306	1446	1612
445973	2787	1468	1644	1809	1989	2204
743720	4461	2280	2591	2876	3300	3710
457425	5902	2490	2767	3099	3494	4024
1001585	4958	2490	2833	3168	3615	4084
446468	4798	2258	2562	2886	3267	3810
888742	2966	1052	1217	1349	1509	1719
226185	3112	1543	1732	1911	2104	2355
313594	2557	1252	1407	1567	1756	1989
226186	4778	2127	2320	2555	2844	3212
933115	3267	1806	2003	2202	2434	2737
642492	4182	2095	2324	2537	2822	3212
470145	4291	1585	1744	1908	2093	2347
470146	3913	1753	1921	2081	2286	2546
595536	4472	2041	2258	2609	2954	3436
552531	1642	841	921	1005	1089	1205
543728	6279	3115	3640	4047	4534	5189
326426	1854	1021	1118	1226	1325	1509
553220	2847	946	1079	1177	1306	1497
1000588	2006	1038	1159	1241	1369	1511
391008	4039	1903	2163	2428	2757	3192
379066	3935	1785	1984	2203	2469	2796
710685	6147	2727	3081	3448	3856	4415
390333	1529	821	906	968	1049	1150
379731	4127	2111	2388	2667	3017	3434
287752	3650	2095	2314	2572	2844	3150
645465	6195	2656	2944	3280	3727	4306
866774	1217	629	698	772	847	937
638301	1920	1039	1158	1270	1392	1537
393595	2755	1502	1709	1891	2089	2375
360911	3020	1563	1724	1905	2108	2373
684719	1425	736	835	920	1015	1141
716541	5120	2689	3053	3366	3755	4249
675813	3057	1646	1862	2068	2310	2592
556263	1833	978	1095	1222	1367	1535
553177	2672	1225	1377	1529	1729	1938
556261	4498	2596	2816	3049	3340	3748
391596	5101	2274	2540	2843	3194	3710
283942	2628	1456	1637	1819	2039	2294
292414	3030	1728	1917	2121	2365	2655
585543	3652	1729	1882	2053	2266	2547
634452	2628	1307	1447	1646	1813	2036
444177	4584	2234	2477	2755	3044	3418
525255	2079	1039	1147	1253	1360	1500
469617	3194	1572	1777	1972	2192	2458
263358	5956	2741	3067	3450	3948	4578
388739	4537	2266	2526	2828	3197	3570
469613	4161	2285	2603	2894	3255	3648
411684	4357	2347	2580	2901	3228	3643
667129	5121	2533	2882	3223	3646	4123
552396	2877	1503	1656	1806	1972	2198
243365	4405	2138	2400	2693	3072	3489
420890	1968	1058	1161	1263	1378	1539
396513	2461	1342	1506	1637	1810	2009
71421	1657	992	1130	1236	1371	1502
228405	3505	1736	1935	2175	2465	2818
479431	5240	2500	2802	3146	3567	4154
1002339	2660	1224	1387	1555	1735	1961
585529	2226	1117	1243	1363	1515	1687
411490	3748	1989	2211	2427	2660	2986
553218	2971	1029	1151	1257	1377	1553
553219	2361	1026	1156	1261	1375	1563
269797	3606	1765	2039	2333	2627	3128
979556	3676	1759	1958	2226	2492	2869
281090	2030	991	1089	1212	1351	1533
269798	3785	1660	1881	2143	2409	2797
577650	3283	1739	1958	2157	2405	2725
596320	2338	1049	1215	1328	1474	1660
596327	1977	1042	1144	1269	1407	1540
627192	3912	1755	1971	2232	2513	2939
596324	2559	1136	1264	1421	1629	1884
930942	1822	943	1048	1143	1247	1411
1035184	2449	1210	1343	1428	1551	1694
714313	1217	716	798	868	933	1040
596330	1589	848	933	1046	1166	1272
891974	3463	1669	1912	2105	2386	2674
31964	2940	1450	1621	1823	2031	2319
391574	5408	2604	2914	3250	3635	4066
525268	2677	1234	1377	1527	1693	1895
1028307	4912	2553	2910	3244	3671	4176
585530	2432	1209	1368	1507	1672	1920
397945	4709	2250	2601	2899	3273	3731
653045	8482	3659	4082	4592	5179	5966
176279	2493	1234	1386	1537	1689	1866
378753	2357	1185	1338	1509	1681	1893
216432	2702	1445	1614	1810	2017	2295
221109	3500	1956	2184	2399	2649	2960
525263	2371	1139	1264	1398	1555	1731
525264	2493	1152	1276	1436	1585	1773
866771	2621	1071	1164	1279	1438	1579
525146	2356	1296	1473	1618	1770	1963
411468	3995	1948	2115	2340	2556	2942
626369	1701	979	1075	1170	1291	1434
220664	6108	2983	3409	3848	4363	4948
360104	1933	962	1087	1197	1307	1466
391626	5495	2457	2703	3006	3349	3848
245014	2993	1494	1640	1815	2001	2233
398767	3606	1844	2077	2293	2508	2796
685727	4512	2190	2502	2855	3247	3788
864565	2134	1121	1237	1347	1500	1676
190650	3737	1886	2074	2315	2602	2969
575584	3766	1701	1945	2162	2459	2791
500639	4618	2314	2635	2925	3289	3705
575587	3186	1460	1677	1880	2126	2411
314315	1879	1005	1110	1224	1339	1491
457427	9194	3828	4208	4700	5266	6096
649764	2029	921	1035	1172	1298	1451
553204	2103	1060	1181	1305	1442	1612
290399	4159	2073	2301	2585	2897	3334
476272	3869	1957	2123	2310	2505	2783
234621	6030	2833	3190	3613	4101	4766
546273	1954	1012	1138	1252	1392	1566
314262	4535	2393	2649	2925	3279	3682
247156	5681	2470	2833	3195	3643	4210
349520	4805	2517	2805	3074	3341	3748
522306	4326	2192	2505	2772	3155	3617
257363	837	481	543	578	646	709
570417	1275	561	633	709	783	913
198094	5328	2211	2475	2725	3007	3391
525245	1546	765	856	937	1032	1145
879310	2395	1243	1383	1502	1634	1812
709797	4236	2039	2269	2543	2860	3231
267608	3437	1785	2032	2284	2562	2901
575589	2874	1390	1588	1752	1983	2213
675817	3528	1877	2115	2371	2677	2961
585528	1328	700	776	846	914	1000
675814	5022	2416	2738	3063	3467	3874
860228	2404	1098	1236	1380	1560	1760
525366	1870	949	1062	1161	1294	1443
883	3180	1705	1933	2147	2358	2605
66692	4096	2151	2397	2591	2824	3158
887898	2666	1342	1532	1713	1891	2135
479435	6943	3204	3595	4107	4710	5569
483215	4485	1713	1873	2066	2253	2536
592316	3959	2175	2491	2773	3121	3541
936140	2452	1208	1338	1464	1621	1827
679189	2202	998	1092	1198	1315	1457
311403	6107	3237	3611	4053	4559	5191
548476	2614	1183	1325	1475	1645	1841
506534	3942	1935	2201	2483	2863	3300
592015	2500	1407	1539	1687	1838	2027
658655	3191	1726	1873	2038	2192	2450
272568	7249	3482	3900	4398	4929	5612
592010	3291	1728	1895	2071	2274	2570
382245	4085	2155	2442	2701	3030	3438
176299	4616	2544	2825	3130	3488	3909
324057	6213	3361	3761	4142	4549	5034
262543	3007	1566	1734	1891	2083	2362
317655	3165	1569	1741	1950	2164	2494
158189	3017	1580	1763	1934	2151	2420
944560	2643	1240	1409	1552	1722	1941
545696	4223	1924	2130	2346	2580	2897
591001	2026	1107	1241	1378	1546	1733
985665	5525	2841	3171	3497	3826	4305
411463	2802	1320	1445	1608	1765	1973
411460	2875	1356	1487	1645	1802	2026
411461	3277	1693	1836	1999	2204	2497
546263	3089	1140	1303	1434	1588	1791
546262	2127	897	1050	1150	1271	1435
411464	3114	1280	1473	1627	1793	1984
1042163	4781	2209	2438	2697	2966	3308
887327	2102	961	1105	1209	1360	1537
887325	2954	1505	1678	1863	2108	2407
575614	1935	943	1034	1112	1206	1337
484018	3933	1546	1707	1910	2066	2320
511680	2529	1320	1443	1577	1727	1913
525365	2210	1076	1201	1287	1420	1603
266940	4480	2212	2449	2723	3047	3473
345073	7809	3893	4491	4961	5519	6170
718254	3725	1963	2224	2468	2750	3099
595494	3130	1775	2020	2214	2457	2729
309798	1482	777	860	929	1007	1091
74546	1810	832	956	1082	1213	1371
290339	4257	2165	2459	2746	3087	3521
190304	2063	1071	1194	1308	1470	1635
875328	4346	1920	2197	2488	2790	3255
323850	3859	1956	2213	2470	2815	3187
1097668	5672	2922	3269	3654	4140	4726
911104	2154	1037	1164	1273	1397	1540
1040964	2326	1097	1206	1301	1411	1586
456442	2452	1218	1369	1549	1748	2041
1112204	4945	2420	2730	3102	3507	4083
471854	5719	2684	3017	3397	3866	4520
592026	1950	1026	1139	1227	1367	1511
525254	2253	1064	1177	1302	1423	1575
436717	3874	1731	1991	2240	2562	2926
717785	4893	2147	2383	2673	3037	3416
1050720	4793	2554	2819	3124	3487	3931
188626	2919	1379	1548	1747	1951	2238
706191	4241	2255	2550	2834	3202	3638
164757	5739	2692	3015	3386	3755	4305
439497	3656	2014	2224	2475	2773	3106
742740	4688	2529	2766	3041	3361	3808
411471	3381	1688	1847	1998	2199	2442
314232	3068	1728	1915	2121	2406	2655
634499	3645	1843	2090	2334	2607	2948
511437	2314	1195	1344	1473	1602	1770
196162	4645	2295	2563	2852	3211	3703
323259	3131	1613	1832	2048	2285	2638
1051006	2282	1092	1236	1369	1523	1714
441620	5314	2489	2772	3133	3548	4015
585503	2020	1072	1204	1340	1483	1654
575606	1476	816	897	966	1045	1161
585501	2638	1300	1419	1569	1707	1890
314275	4084	2020	2271	2553	2900	3294
521096	4157	2028	2294	2584	2951	3420
641147	2416	1032	1181	1342	1499	1703
