#                                                                          running time (s)                 
#                                                                   -------------------------------          
# idx  seq name  length  cm from    cm to  trunc    bit sc  avg pp  band calc  alignment      total  mem (Mb)
# ---  --------  ------  -------  -------  -----  --------  ------  ---------  ---------  ---------  --------
    1  1148        1489        1     1430     no   1820.64       -       0.53       0.11       1.11     36.36
    2  31964       1521        1     1430     no   1860.70       -       0.52       0.10       1.06     37.05
    3  32049       1490        1     1430     no   1823.70       -       0.53       0.11       1.05     36.46
    4  36870       1551        1     1430     no   1816.85       -       0.52       0.12       1.07     38.04
    5  37692       1746       47     1430     5'   1563.21       -       0.55       0.12       1.20     41.96
    6  52598       1376       50     1395  5'&3'   1644.75       -       0.41       0.12       0.95     33.14
    7  56780       1564        1     1430     no   1865.29       -       0.53       0.10       1.08     37.98
    8  58051       1423       49     1357  5'&3'   1650.81       -       0.42       0.11       0.95     33.45
    9  59196       1478       28     1372  5'&3'   1672.15       -       0.44       0.12       1.00     35.21
   10  59374       1501        1     1430     no   1725.43       -       0.55       0.13       1.13     37.11
   11  62928       1536        1     1430     no   1839.29       -       0.54       0.11       1.10     37.51
   12  62977       1538        1     1430     no   1837.96       -       0.54       0.11       1.10     37.55
   13  63737       1489        1     1430     no   1807.94       -       0.50       0.11       1.06     36.41
   14  64091       1473        6     1428  5'&3'   1232.10       -       0.52       0.23       1.18     38.04
   15  65393       1491        1     1430     no   1785.24       -       0.51       0.11       1.06     36.46
   16  71421       1540        1     1430     no   1821.06       -       0.54       0.11       1.10     37.66
   17  76114       1538        1     1430     no   1842.73       -       0.54       0.11       1.11     37.57
   18  78245       1485        1     1430     no   1851.44       -       0.49       0.11       1.03     36.24
   19  85643       1539        1     1430     no   1834.77       -       0.52       0.11       1.09     37.62
   20  96561       1563        1     1430     no   1858.53       -       0.51       0.10       1.08     38.09
   21  106370      1510        1     1430     no   1876.44       -       0.49       0.10       1.04     36.73
   22  114615      1489        1     1430     no   1840.59       -       0.48       0.11       1.03     36.36
   23  115713      1554        1     1430     no   1737.51       -       0.52       0.12       1.10     38.12
   24  118168      1463       23     1427  5'&3'   1781.99       -       0.49       0.11       1.02     35.46
   25  122586      1541        1     1430     no   1831.08       -       0.54       0.12       1.11     37.70
   26  123214      1541        1     1430     no   1779.67       -       0.54       0.11       1.11     37.73
   27  134676      1517        1     1430     no   1856.05       -       0.52       0.09       1.06     36.86
   28  138119      1686        1     1430     no   1864.43       -       0.55       0.11       1.16     40.95
   29  146891      1485        1     1430     no   1837.54       -       0.51       0.11       1.05     36.21
   30  155864      1547        1     1430     no   1827.28       -       0.54       0.12       1.12     37.90
   31  156889      1504        1     1430     no   1863.76       -       0.52       0.09       1.06     36.57
   32  158189      1547        1     1430     no   1732.76       -       0.54       0.12       1.11     37.94
   33  158878      1552        1     1430     no   1887.63       -       0.53       0.10       1.10     37.75
   34  159087      1538        1     1430     no   1826.08       -       0.53       0.11       1.10     37.52
   35  160492      1545        1     1430     no   1847.96       -       0.51       0.11       1.08     37.65
   36  161528      1420       34     1394  5'&3'   1742.62       -       0.44       0.10       0.96     33.90
   37  163164      1505        1     1430     no   1783.16       -       0.49       0.13       1.06     36.99
   38  167879      1545        1     1430     no   1836.34       -       0.52       0.12       1.09     37.85
   39  170187      1546        1     1430     no   1868.61       -       0.55       0.11       1.12     37.66
   40  177416      1527        1     1430     no   1820.84       -       0.52       0.11       1.07     37.29
   41  177437      1563        1     1430     no   1815.48       -       0.56       0.11       1.14     38.13
   42  177439      1547        1     1430     no   1840.86       -       0.54       0.11       1.11     37.87
   43  180281      1446       41     1430     5'   1769.10       -       0.46       0.10       1.00     34.82
   44  187272      1539        1     1430     no   1897.83       -       0.55       0.11       1.12     37.47
   45  187420      1479        6     1427  5'&3'   1289.65       -       0.54       0.24       1.22     38.46
   46  188626      1419       38     1364  5'&3'   1694.99       -       0.43       0.10       0.94     33.38
   47  189518      1509        2     1430     5'   1787.66       -       0.52       0.11       1.08     36.95
   48  190192      1513        6     1427  5'&3'   1351.23       -       0.50       0.25       1.19     39.25
   49  190485      1547        1     1430     no   1855.61       -       0.53       0.11       1.10     37.73
   50  192222      1513        1     1428     3'   1817.72       -       0.50       0.10       1.05     36.86
   51  194439      1502        1     1430     no   1755.12       -       0.51       0.12       1.07     36.84
   52  195103      1513        1     1430     no   1866.10       -       0.58       0.11       1.14     37.02
   53  196162      1527        1     1430     no   1837.84       -       0.54       0.10       1.09     37.25
   54  197221      1490        1     1430     no   1853.87       -       0.51       0.10       1.06     36.34
   55  198214      1542        1     1430     no   1861.50       -       0.56       0.12       1.13     37.72
   56  199310      1551        1     1430     no   1783.35       -       0.52       0.12       1.11     38.06
   57  203122      1534        1     1430     no   1878.60       -       0.52       0.11       1.09     37.43
   58  203123      1564        1     1430     no   1767.88       -       0.53       0.12       1.10     38.24
   59  203124      1488        1     1430     no   1812.37       -       0.51       0.11       1.06     36.36
   60  203267      1521        1     1430     no   1845.35       -       0.52       0.11       1.09     37.12
   61  203275      1525        1     1430     no   1665.70       -       0.54       0.14       1.12     37.65
   62  204536      1525        1     1430     no   1769.27       -       0.54       0.13       1.12     37.54
   63  204669      1502        1     1430     no   1801.89       -       0.53       0.12       1.09     36.76
   64  204773      1533        1     1430     no   1826.27       -       0.55       0.11       1.11     37.40
   65  205914      1543        1     1430     no   1800.15       -       0.56       0.11       1.13     37.75
   66  207949      1533        1     1430     no   1846.89       -       0.52       0.11       1.09     37.37
   67  207954      1540        1     1430     no   1847.23       -       0.55       0.11       1.12     37.58
   68  212042      1506        1     1430     no   1782.88       -       0.55       0.12       1.11     36.97
   69  212717      1513        1     1430     no   1873.04       -       0.59       0.11       1.15     36.98
   70  214092      1543        1     1430     no   1847.84       -       0.55       0.11       1.12     37.75
   71  216432      1526        1     1430     no   1729.74       -       0.58       0.13       1.17     37.60
   72  216596      1481        1     1430     no   1861.08       -       0.58       0.11       1.12     36.13
   73  216895      1545        1     1430     no   1841.39       -       0.58       0.12       1.15     37.84
   74  218491      1544        1     1430     no   1846.44       -       0.57       0.11       1.14     37.81
   75  219305       259       19      251  5'&3'    260.22       -       0.01       0.02       0.11      3.91
   76  220341      1543        1     1430     no   1867.60       -       0.57       0.11       1.14     37.73
   77  221109      1565        1     1430     no   1901.08       -       0.57       0.10       1.14     37.98
   78  221988      1544        1     1430     no   1828.55       -       0.56       0.11       1.12     37.71
   79  224324      1584        1     1430     no   1752.42       -       0.56       0.12       1.16     38.86
   80  224914      1485        1     1430     no   1858.38       -       0.52       0.11       1.08     36.36
   81  226185      1561        2     1430     5'   1875.68       -       0.57       0.10       1.12     37.88
   82  227377      1540        1     1430     no   1852.15       -       0.57       0.11       1.13     37.54
   83  227941      1552        1     1430     no   1741.97       -       0.57       0.13       1.16     38.09
   84  228399      1530        8     1425  5'&3'   1826.66       -       0.57       0.11       1.14     37.25
   85  228405      1455        1     1430     no   1784.01       -       0.60       0.12       1.16     35.93
   86  228908      1499        3     1427  5'&3'   1279.94       -       0.54       0.23       1.22     38.72
   87  232721      1529        1     1430     no   1809.85       -       0.59       0.11       1.16     37.43
   88  234267      1501        1     1430     no   1789.28       -       0.58       0.12       1.14     36.80
   89  234826      1503        1     1430     no   1781.21       -       0.58       0.12       1.15     36.87
   90  234831      1537        1     1430     no   1841.12       -       0.57       0.12       1.14     37.57
   91  235909      1558        1     1430     no   1920.44       -       0.58       0.10       1.15     37.86
   92  236097      1428       46     1361  5'&3'   1697.93       -       0.45       0.10       0.97     33.50
   93  240015      1500        1     1430     no   1782.67       -       0.58       0.11       1.13     36.71
   94  240016      1539        2     1430     5'   1694.23       -       0.57       0.13       1.16     37.85
   95  240292      1758       22     1430     5'   1718.70       -       0.60       0.11       1.20     42.41
   96  242619      1532        1     1430     no   1671.77       -       0.57       0.14       1.13     37.84
   97  243090      1535        1     1430     no   1650.61       -       0.60       0.12       1.16     37.79
   98  243161      1553        1     1430     no   1736.28       -       0.56       0.12       1.12     38.17
   99  243164      1497        1     1430     no   1730.82       -       0.54       0.12       1.08     36.85
  100  243233      1535        1     1430     no   1884.10       -       0.55       0.11       1.08     37.38
  101  243265      1545        1     1430     no   1842.69       -       0.58       0.11       1.13     37.68
  102  243277      1544        1     1430     no   1799.96       -       0.57       0.12       1.11     37.86
  103  243365      1536        1     1430     no   1834.03       -       0.56       0.10       1.10     37.38
  104  246194      1573        1     1430     no   1883.98       -       0.61       0.10       1.14     38.17
  105  246195      1533        1     1430     no   1826.06       -       0.59       0.10       1.12     37.27
  106  251221      1485        1     1430     no   1865.26       -       0.56       0.10       1.07     36.13
  107  252305      1425       11     1399  5'&3'   1724.48       -       0.49       0.12       1.02     34.69
  108  257310      1532        1     1430     no   1809.93       -       0.55       0.12       1.09     37.49
  109  259564      1475        6     1427  5'&3'   1208.06       -       0.60       0.25       1.26     38.32
  110  261317      1552        1     1430     no   1802.10       -       0.57       0.12       1.12     37.99
  111  262724      1519        1     1430     no   1796.56       -       0.55       0.12       1.10     37.21
  112  263358      1515        1     1430     no   1836.47       -       0.58       0.11       1.10     36.86
  113  263820      1470        6     1427  5'&3'   1198.49       -       0.55       0.28       1.25     38.84
  114  264201      1540        2     1430     5'   1711.63       -       0.55       0.14       1.11     38.01
  115  264462      1514        1     1430     no   1824.09       -       0.58       0.11       1.12     37.00
  116  264732      1568        1     1430     no   1915.97       -       0.58       0.11       1.12     38.09
  117  265072      1543        1     1430     no   1829.36       -       0.56       0.11       1.11     37.76
  118  265311      1525        1     1430     no   1795.94       -       0.56       0.11       1.10     37.36
  119  266117      1558        2     1430     5'   1872.79       -       0.56       0.11       1.11     38.00
  120  266779      1485        1     1430     no   1864.43       -       0.54       0.11       1.06     36.28
  121  266835      1485        1     1430     no   1858.48       -       0.54       0.11       1.07     36.29
  122  266940      1519        1     1430     no   1847.69       -       0.58       0.11       1.11     37.01
  123  267747      1525        1     1430     no   1776.99       -       0.57       0.10       1.09     37.13
  124  269484      1508        1     1430     no   1756.62       -       0.55       0.13       1.09     37.04
  125  269796      1484        1     1430     no   1870.32       -       0.56       0.10       1.07     36.11
  126  269797      1477        6     1427  5'&3'   1179.98       -       0.62       0.26       1.30     38.77
  127  269798      1521        1     1430     no   1743.66       -       0.62       0.13       1.16     37.41
  128  269799      1556        1     1430     no   1887.32       -       0.63       0.11       1.18     37.87
  129  269800      1538        1     1430     no   1850.75       -       0.62       0.11       1.15     37.46
  130  272557      1501        6     1426  5'&3'   1345.20       -       0.53       0.23       1.19     38.76
  131  272562      1516        1     1430     no   1852.85       -       0.61       0.10       1.13     36.97
  132  272951      1501        1     1430     no   1826.60       -       0.60       0.11       1.13     36.71
  133  273068      1620        7     1429  5'&3'   1884.08       -       0.64       0.11       1.20     39.31
  134  273116      1470        6     1427  5'&3'   1199.67       -       0.66       0.25       1.31     38.36
  135  273119      1517        1     1430     no   1661.50       -       0.78       0.14       1.34     37.52
  136  273121      1500        1     1430     no   1859.44       -       0.78       0.10       1.30     36.59
  137  278197      1578        2     1430     5'   1846.91       -       0.84       0.11       1.39     38.43
  138  279714      1521       12     1426  5'&3'   1794.92       -       0.76       0.11       1.29     36.96
  139  281090      1524        1     1430     no   1859.62       -       0.79       0.11       1.33     37.15
  140  281689      1558        2     1429  5'&3'   1889.90       -       0.85       0.11       1.38     37.94
  141  283942      1544        1     1430     no   1842.47       -       0.82       0.11       1.37     37.78
  142  287752      1405       18     1365  5'&3'   1727.83       -       1.09       0.16       1.64     33.40
  143  288705      1537        1     1430     no   1821.21       -       1.31       0.17       1.92     37.43
  144  289376      1535        1     1430     no   1832.23       -       1.29       0.18       1.89     37.47
  145  290339      1542        1     1430     no   1869.22       -       1.34       0.17       1.95     37.73
  146  290397      1557        1     1430     no   1876.72       -       1.31       0.14       1.88     37.87
  147  290398      1538        1     1430     no   1862.87       -       1.21       0.16       1.80     37.58
  148  290400      1466        1     1430     no   1776.56       -       1.04       0.22       1.66     36.29
  149  290402      1512        1     1430     no   1868.45       -       1.06       0.16       1.65     36.89
  150  290512      1502        1     1430     no   1751.78       -       0.94       0.18       1.54     36.89
  151  290633      1484        1     1430     no   1813.73       -       1.05       0.15       1.61     36.31
  152  292414      1462        1     1430     no   1785.91       -       1.03       0.17       1.61     36.03
  153  292415      1535        1     1430     no   1811.46       -       1.15       0.19       1.78     37.46
  154  292459      1565        1     1430     no   1872.23       -       1.15       0.16       1.75     38.03
  155  293826      1528        1     1430     no   1876.88       -       1.09       0.18       1.70     37.34
  156  296591      1535        1     1430     no   1821.73       -       1.26       0.21       1.89     37.52
  157  297246      1544        1     1430     no   1845.97       -       1.20       0.20       1.84     37.70
  158  309798      1536        1     1430     no   1717.09       -       1.09       0.25       1.76     37.85
  159  309800      1472        6     1427  5'&3'   1224.45       -       1.13       0.38       1.93     38.30
  160  309801      1522        1     1430     no   1727.84       -       1.28       0.20       1.90     37.35
  161  309807      1540        1     1430     no   1776.09       -       1.14       0.19       1.76     37.75
  162  312153      1533        1     1430     no   1820.02       -       1.04       0.21       1.68     37.41
  163  313589      1529        1     1430     no   1849.39       -       1.09       0.14       1.66     37.24
  164  313590      1523        4     1430     5'   1715.73       -       1.27       0.19       1.88     37.46
  165  313595      1524        1     1430     no   1703.67       -       1.27       0.19       1.91     37.58
  166  313596      1524        1     1430     no   1729.54       -       1.21       0.21       1.87     37.49
  167  313598      1520        1     1430     no   1728.29       -       1.21       0.24       1.89     37.37
  168  313603      1529        1     1430     no   1724.49       -       1.11       0.26       1.83     37.69
  169  313606      1444        1     1378     3'   1631.19       -       1.37       0.21       2.01     34.95
  170  313612      1493        6     1430     5'   1820.52       -       1.24       0.16       1.89     36.46
  171  313624      1482        8     1429  5'&3'   1809.01       -       0.90       0.17       1.56     36.12
  172  313628       695      788     1430     5'    801.80       -       0.23       0.09       0.56     12.64
  173  314230       762      728     1430     5'    859.33       -       0.21       0.14       0.60     14.33
  174  314231      1498        1     1430     no   1810.09       -       1.13       0.22       1.85     36.67
  175  314232      1462        1     1429     3'   1782.86       -       1.40       0.25       2.14     36.01
  176  314254      1850        1     1430     no   1734.72       -       1.42       0.26       2.29     45.13
  177  314260      1461        1     1430     no   1794.15       -       1.06       0.33       1.89     36.05
  178  314265      1597        1     1430     no   1763.30       -       1.09       0.23       1.86     39.21
  179  314271      1348       19     1349  5'&3'   1645.72       -       1.19       0.16       1.82     32.18
  180  314275      1540        1     1430     no   1807.49       -       1.12       0.26       1.90     37.80
  181  314278      1028      459     1430     5'   1310.16       -       0.57       0.08       0.99     21.11
  182  314283      1530        1     1430     no   1860.08       -       1.05       0.18       1.76     37.29
  183  314285      1534        1     1430     no   1856.00       -       1.06       0.18       1.77     37.42
  184  314345      1531        6     1430     5'   1856.21       -       1.00       0.19       1.71     37.31
  185  316274      1482        2     1430     5'   1634.85       -       1.29       0.22       2.01     36.70
  186  316275      1545        1     1430     no   1845.22       -       1.10       0.18       1.82     37.82
  187  316385      1542        1     1430     no   1864.20       -       1.14       0.18       1.85     37.72
  188  316407      1542        1     1430     no   1859.52       -       1.17       0.20       1.92     37.71
  189  317025      1556        1     1430     no   1825.04       -       1.12       0.18       1.86     38.03
  190  317655      1489        1     1430     no   1835.63       -       1.01       0.19       1.73     36.38
  191  318586      1463        1     1430     no   1794.43       -       1.18       0.18       1.88     36.07
  192  319224      1543        1     1430     no   1852.22       -       1.04       0.17       1.76     37.69
  193  320771      1443       28     1351  5'&3'   1589.41       -       1.23       0.24       1.98     34.27
  194  322710      1536        1     1430     no   1878.66       -       1.15       0.18       1.90     37.50
  195  323098      1489        1     1430     no   1843.51       -       0.99       0.20       1.74     36.38
  196  323259      1465        6     1427  5'&3'   1231.27       -       1.62       0.39       2.55     38.06
  197  323848      1536        1     1430     no   1827.75       -       1.19       0.16       1.92     37.46
  198  324925      1502        1     1430     no   1760.01       -       0.98       0.21       1.74     36.92
  199  326298      1522        1     1430     no   1800.23       -       1.43       0.18       2.16     37.24
  200  326427      1486        1     1430     no   1663.57       -       1.37       0.23       2.14     36.77
  201  329726      1503        1     1430     no   1823.88       -       1.13       0.21       1.89     36.67
  202  330214      1539        1     1430     no   1777.88       -       1.19       0.20       1.96     37.65
  203  331104      1535        1     1430     no   1704.73       -       1.11       0.25       1.93     37.92
  204  331113      1553        1     1430     no   1737.79       -       1.34       0.22       2.13     38.16
  205  333146      1469        6     1427  5'&3'   1179.23       -       1.28       0.45       2.27     38.82
  206  333990      1456       36     1369  5'&3'   1686.48       -       1.02       0.14       1.70     34.36
  207  334413      1522        1     1430     no   1823.10       -       0.95       0.21       1.71     37.23
  208  335283      1537        1     1430     no   1824.54       -       0.95       0.21       1.72     37.51
  209  335284      1539        1     1430     no   1840.36       -       0.99       0.18       1.73     37.54
  210  335541      1696        1     1430     no   1858.38       -       1.21       0.24       2.06     41.26
  211  335543      1562        1     1430     no   1861.06       -       1.03       0.18       1.79     38.03
  212  338966      1558        1     1430     no   1873.11       -       0.97       0.18       1.72     37.91
  213  338969      1537        1     1430     no   1826.60       -       0.98       0.20       1.75     37.55
  214  339860      1476        6     1427  5'&3'   1245.27       -       1.14       0.43       2.11     38.56
  215  340100      1486       28     1412  5'&3'   1752.33       -       1.01       0.18       1.74     35.85
  216  340101      1360        8     1312  5'&3'   1597.34       -       1.14       0.16       1.80     31.95
  217  340177      1501        1     1430     no   1749.00       -       1.03       0.21       1.78     36.86
  218  342108      1484        1     1430     no   1855.56       -       1.01       0.20       1.76     36.23
  219  342451      1553        1     1430     no   1881.48       -       0.87       0.18       1.62     37.78
  220  342949      1497        6     1427  5'&3'   1348.48       -       1.14       0.31       2.00     38.51
  221  343509      1543        1     1430     no   1854.41       -       0.98       0.24       1.79     37.78
  222  348780      1466        6     1427  5'&3'   1246.11       -       1.19       0.37       2.10     37.89
  223  349102      1467        1     1430     no   1801.16       -       0.85       0.22       1.60     36.13
  224  349124      1545        1     1430     no   1885.68       -       0.95       0.20       1.72     37.64
  225  349163      1491        1     1430     no   1821.23       -       1.00       0.20       1.74     36.44
  226  349521      1535        1     1430     no   1866.21       -       0.96       0.21       1.74     37.42
  227  349741      1512        1     1430     no   1735.93       -       0.92       0.16       1.63     37.14
  228  351016      1340       55     1358  5'&3'   1582.75       -       0.76       0.17       1.41     31.85
  229  351160      1476        6     1427  5'&3'   1207.06       -       1.04       0.35       1.93     38.37
  230  351348      1541        1     1430     no   1866.75       -       1.02       0.18       1.76     37.62
  231  351607      1518        1     1430     no   1906.55       -       1.06       0.15       1.77     36.93
  232  352165      1445       28     1379  5'&3'   1637.00       -       1.08       0.16       1.76     34.64
  233  357244      1504        1     1430     no   1801.22       -       0.91       0.24       1.70     36.88
  234  357804      1547        1     1430     no   1842.27       -       1.06       0.22       1.84     37.80
  235  358681      1536        1     1430     no   1884.85       -       1.41       0.19       2.17     37.35
  236  360095      1488        1     1430     no   1846.68       -       1.05       0.24       1.83     36.43
  237  360107      1511        1     1430     no   1800.31       -       1.10       0.26       1.90     37.01
  238  360911      1563        1     1430     no   1877.47       -       1.40       0.18       2.16     37.97
  239  362663      1551        1     1430     no   1784.92       -       1.39       0.23       2.19     38.05
  240  362976      1471        6     1427  5'&3'   1166.61       -       1.33       0.50       2.37     38.59
  241  363253      1553        1     1430     no   1839.66       -       1.04       0.20       1.81     37.86
  242  365046      1531        1     1430     no   1815.21       -       1.27       0.22       2.05     37.37
  243  366394      1485        1     1430     no   1854.99       -       1.12       0.20       1.85     36.37
  244  366602      1486        1     1430     no   1866.85       -       1.06       0.15       1.76     36.22
  245  367737      1517        1     1430     no   1829.49       -       1.27       0.24       2.07     37.09
  246  367928      1532        1     1430     no   1793.55       -       0.97       0.20       1.74     37.35
  247  368407      1466        6     1427  5'&3'   1222.66       -       1.24       0.44       2.21     38.32
  248  368408      1500        6     1427  5'&3'   1305.95       -       0.84       0.48       1.86     38.82
  249  370438      1601        2     1430     5'   1875.39       -       1.14       0.22       1.95     38.85
  250  373903      1551        1     1430     no   1859.20       -       1.16       0.22       1.95     37.90
  251  374847      1495        6     1427  5'&3'   1287.72       -       0.82       0.53       1.90     39.17
  252  375286      1533        1     1430     no   1824.14       -       1.04       0.22       1.81     37.41
  253  376619      1528        1     1430     no   1821.84       -       1.15       0.20       1.92     37.32
  254  376686      1514        1     1430     no   1725.29       -       1.30       0.22       2.08     37.25
  255  377629      1531        1     1430     no   1867.19       -       1.14       0.23       1.93     37.37
  256  378753      1531        1     1430     no   1842.22       -       1.45       0.26       2.27     37.25
  257  378806      1547        1     1430     no   1848.76       -       1.19       0.20       1.96     37.71
  258  379066      1524        1     1430     no   1822.77       -       1.44       0.24       2.24     37.35
  259  380394      1536        1     1430     no   1846.48       -       1.03       0.22       1.81     37.49
  260  380749      1556        1     1430     no   1690.65       -       0.99       0.31       1.87     38.41
  261  381666      1532        1     1430     no   1827.11       -       1.07       0.19       1.82     37.38
  262  381764      1508        1     1430     no   1752.59       -       0.91       0.23       1.70     37.03
  263  383372      1476        1     1430     no   1682.43       -       1.23       0.19       1.96     36.43
  264  383407      1547        1     1430     no   1853.30       -       1.13       0.20       1.90     37.73
  265  384616      1499        6     1427  5'&3'   1339.39       -       1.02       0.43       2.00     38.58
  266  384676      1537        1     1430     no   1863.54       -       1.01       0.20       1.78     37.51
  267  384765      1499        1     1430     no   1825.55       -       1.19       0.22       1.96     36.62
  268  386415      1513        1     1430     no   1871.06       -       1.10       0.15       1.80     36.94
  269  387092      1543        1     1430     no   1873.93       -       1.11       0.18       1.86     37.51
  270  387093      1511        1     1430     no   1814.26       -       1.19       0.20       1.95     36.89
  271  387662      1528        9     1419  5'&3'   1612.83       -       1.06       0.30       1.92     37.69
  272  388399      1448        1     1429     3'   1759.08       -       1.13       0.22       1.88     35.79
  273  388413      1522        1     1430     no   1743.35       -       0.95       0.25       1.76     37.45
  274  391009      1565        1     1430     no   1770.87       -       1.37       0.28       2.23     38.31
  275  391037      1516        1     1430     no   1856.29       -       1.16       0.20       1.91     36.81
  276  391165      1493        1     1430     no   1826.05       -       1.03       0.19       1.76     36.50
  277  391587      1521        4     1430     5'   1708.50       -       1.04       0.25       1.85     37.39
  278  391592      1513        1     1430     no   1857.46       -       1.14       0.23       1.92     36.77
  279  391596      1519        1     1424     3'   1711.74       -       1.25       0.30       2.11     37.35
  280  391597      1533        2     1430     5'   1834.66       -       1.01       0.22       1.80     37.36
  281  391600      1342       19     1349  5'&3'   1677.49       -       0.95       0.24       1.67     31.90
  282  391613      1910        1     1430     no   1703.63       -       1.79       0.25       2.71     46.55
  283  391619      1464        1     1430     no   1787.95       -       1.30       0.25       2.09     36.15
  284  391624      1463        1     1429     3'   1779.74       -       1.09       0.22       1.85     36.10
  285  391625      1526        8     1430     5'   1799.99       -       1.19       0.28       2.02     37.41
  286  391626      1467        1     1430     no   1790.58       -       1.20       0.27       2.00     36.22
  287  391735      1534        1     1430     no   1798.52       -       0.91       0.22       1.70     37.50
  288  394221      1467        1     1430     no   1805.33       -       1.29       0.26       2.08     36.16
  289  395494      1536        1     1430     no   1834.05       -       1.25       0.26       2.08     37.44
  290  395495      1527        1     1430     no   1830.50       -       1.27       0.19       2.02     37.29
  291  395963      1487        1     1430     no   1833.69       -       1.18       0.23       1.95     36.34
  292  395965      1487        1     1430     no   1831.82       -       1.28       0.17       2.00     36.30
  293  396595      1540        1     1430     no   1873.45       -       1.32       0.24       2.12     37.60
  294  397945      1529        1     1430     no   1821.33       -       1.28       0.17       2.01     37.32
  295  397948      1678        6     1427  5'&3'   1175.86       -       1.53       0.62       2.75     44.27
  296  398578      1533        1     1430     no   1831.06       -       1.25       0.19       2.01     37.51
  297  398580      1466        1     1430     no   1781.84       -       1.22       0.28       2.04     36.24
  298  398720      1527        5     1430     5'   1702.94       -       1.42       0.20       2.20     37.63
  299  399550      1572        6     1427  5'&3'   1250.09       -       1.37       0.83       2.79     42.64
  300  399741      1543        1     1430     no   1857.79       -       1.35       0.21       2.13     37.77
  301  399742      1540        1     1430     no   1856.84       -       1.30       0.24       2.13     37.72
  302  399795      1526        8     1430     5'   1823.36       -       1.17       0.21       1.97     37.28
  303  400668      1540        1     1430     no   1849.03       -       1.14       0.22       1.96     37.61
  304  401053      1500        1     1430     no   1790.49       -       1.19       0.21       1.97     36.67
  305  401526      1653        1     1429     3'   1823.00       -       1.32       0.20       2.16     40.16
  306  402881      1486        1     1430     no   1843.06       -       1.05       0.19       1.82     36.28
  307  403833      1512        1     1430     no   1623.76       -       1.00       0.24       1.83     37.42
  308  405948      1524        1     1430     no   1835.11       -       1.18       0.22       2.00     37.17
  309  406818      1544        1     1430     no   1862.78       -       1.25       0.26       2.12     37.78
  310  410358      1466        6     1427  5'&3'   1185.97       -       1.41       0.46       2.44     38.43
  311  411154      1528        1     1430     no   1729.10       -       1.09       0.30       1.98     37.63
  312  411462       521       26      494  5'&3'    600.20       -       0.12       0.05       0.37      8.74
  313  411467       354      498      842  5'&3'    444.14       -       0.07       0.02       0.23      5.49
  314  411471      1517        8     1425  5'&3'   1828.89       -       1.02       0.18       1.78     36.78
  315  411477       533       26      494  5'&3'    546.93       -       0.09       0.09       0.38      9.07
  316  411489       522      930     1429  5'&3'    614.40       -       0.14       0.06       0.40      8.87
  317  411490      1522        8     1425  5'&3'   1840.49       -       1.05       0.21       1.85     37.04
  318  411684       800       66      843  5'&3'    958.09       -       0.50       0.12       0.93     15.44
  319  415426      1506        6     1427  5'&3'   1360.51       -       1.12       0.51       2.22     38.80
  320  416269      1542        1     1430     no   1816.68       -       1.22       0.24       2.07     37.73
  321  416348      1469        6     1427  5'&3'   1221.71       -       1.13       0.56       2.26     38.50
  322  416591      1555        1     1430     no   1793.90       -       1.08       0.23       1.90     37.98
  323  416870      1547        1     1430     no   1866.04       -       1.14       0.24       1.98     37.72
  324  419610      1485        1     1430     no   1835.80       -       1.14       0.24       1.96     36.31
  325  420336      1528        1     1430     no   1817.79       -       1.20       0.25       2.05     37.40
  326  420662      1531        1     1430     no   1833.09       -       1.20       0.25       2.05     37.36
  327  426114      1529        1     1430     no   1838.02       -       1.14       0.19       1.93     37.33
  328  429009      1580        1     1430     no   1868.04       -       1.32       0.26       2.19     38.47
  329  431943      1511        1     1430     no   1834.73       -       1.13       0.21       1.93     36.95
  330  434131      1497        1     1430     no   1757.13       -       1.09       0.24       1.91     36.78
  331  436308      1470        6     1427  5'&3'   1162.78       -       1.23       0.55       2.35     38.77
  332  438753      1483        1     1430     no   1854.71       -       1.09       0.16       1.82     36.17
  333  439235      1561        1     1430     no   1853.40       -       1.30       0.18       2.09     37.98
  334  439375      1483        1     1430     no   1859.15       -       1.06       0.21       1.85     36.28
  335  439481      1477        6     1427  5'&3'   1279.70       -       1.09       0.50       2.15     38.41
  336  439493      1366       19     1349  5'&3'   1633.38       -       1.13       0.22       1.88     32.40
  337  441620      1485        1     1430     no   1837.11       -       0.87       0.21       1.66     36.29
  338  441768      1504        1     1430     no   1762.68       -       1.30       0.20       2.08     36.84
  339  441769      1451       20     1362  5'&3'   1770.32       -       1.13       0.23       1.92     34.27
  340  443218      1525        1     1430     no   1822.10       -       0.94       0.17       1.71     37.20
  341  443254      1541        1     1430     no   1721.28       -       1.24       0.23       2.07     37.88
  342  443906      1521        1     1430     no   1862.59       -       1.19       0.15       1.92     37.04
  343  445335      1939        8     1430     5'   1785.96       -       1.60       0.20       2.52     47.16
  344  445337      1492        7     1416  5'&3'   1828.49       -       1.02       0.21       1.81     36.21
  345  445932      1512        1     1430     no   1758.47       -       1.35       0.19       2.13     37.33
  346  445971      1507        8     1425  5'&3'   1844.87       -       1.31       0.14       2.04     36.55
  347  445972      1513        8     1425  5'&3'   1839.49       -       1.30       0.16       2.03     36.75
  348  446462      1518        1     1430     no   1873.22       -       1.07       0.15       1.81     36.90
  349  446465      1520        1     1430     no   1845.41       -       1.05       0.16       1.81     36.95
  350  446468      1533        1     1430     no   1827.94       -       1.29       0.18       2.07     37.45
  351  446469      1524        1     1430     no   1864.77       -       1.14       0.14       1.87     37.09
  352  446470      1520        1     1430     no   1818.97       -       0.92       0.15       1.66     37.02
  353  446471      1524        1     1430     no   1860.61       -       0.80       0.17       1.56     37.09
  354  448385      1558        1     1430     no   1828.80       -       0.99       0.22       1.82     38.01
  355  449447      1489        1     1430     no   1801.38       -       1.15       0.25       1.97     36.51
  356  450851      1482        1     1430     no   1861.04       -       0.87       0.18       1.63     36.11
  357  451757      1518        1     1430     no   1853.59       -       1.01       0.20       1.79     37.17
  358  452471      1522        1     1430     no   1745.51       -       0.89       0.24       1.73     37.48
  359  452637      1558        1     1430     no   1726.70       -       1.07       0.22       1.88     38.21
  360  452652      1524        1     1430     no   1889.94       -       0.95       0.15       1.70     37.03
  361  452863      1522        1     1430     no   1850.62       -       0.80       0.18       1.56     37.00
  362  453591      1438        6     1427  5'&3'   1302.61       -       0.86       0.43       1.85     37.19
  363  455436      1526        2     1426  5'&3'   1825.09       -       0.69       0.19       1.47     37.30
  364  456320      1466        6     1427  5'&3'   1281.43       -       0.86       0.46       1.88     38.02
  365  456442      1467        6     1427  5'&3'   1242.84       -       0.85       0.43       1.85     38.18
  366  456481      1500        2     1430     5'   1776.28       -       0.91       0.19       1.69     36.74
  367  457396      1504        8     1425  5'&3'   1856.78       -       0.81       0.19       1.58     36.61
  368  457412      1515        8     1425  5'&3'   1811.18       -       0.83       0.20       1.62     36.89
  369  457570      1540        2     1430     5'   1874.37       -       1.08       0.20       1.88     37.51
  370  458233      1554        1     1430     no   1890.86       -       1.08       0.18       1.87     37.76
  371  465515      1524        1     1430     no   1851.95       -       1.04       0.17       1.79     37.05
  372  469008      1542        1     1430     no   1864.19       -       1.15       0.17       1.93     37.72
  373  469371      1543        1     1430     no   1842.27       -       1.05       0.19       1.85     37.53
  374  469378      1512        1     1430     no   1815.51       -       0.94       0.19       1.71     37.02
  375  469381      1406       19     1346  5'&3'   1664.47       -       1.15       0.16       1.85     33.20
  376  469382      1471        6     1427  5'&3'   1202.56       -       1.09       0.58       2.25     38.23
  377  469383      1548        1     1430     no   1859.97       -       1.17       0.19       1.97     37.64
  378  469596      1179      314     1425  5'&3'   1409.08       -       0.73       0.16       1.35     25.66
  379  471852      1532        1     1430     no   1851.50       -       1.23       0.22       2.04     37.32
  380  471853      1529        1     1430     no   1848.34       -       1.04       0.18       1.82     37.20
  381  471854      1507        1     1430     no   1709.72       -       1.15       0.23       1.97     37.24
  382  471855      1513        1     1430     no   1824.13       -       1.10       0.21       1.90     37.01
  383  471856      1546        1     1430     no   1825.90       -       1.44       0.22       2.26     37.62
  384  471857      1524        1     1430     no   1866.23       -       1.38       0.18       2.16     37.11
  385  471874      1541        2     1430     5'   1839.28       -       1.22       0.20       2.02     37.70
  386  472759      1545        1     1430     no   1871.13       -       1.28       0.18       2.07     37.59
  387  477974      1699        1     1430     no   1856.01       -       1.69       0.22       2.56     41.22
  388  478801      1524        1     1430     no   1851.50       -       1.07       0.19       1.86     37.06
  389  479431      1517        1     1430     no   1857.30       -       1.12       0.17       1.88     36.90
  390  479432      1525        1     1430     no   1848.91       -       1.49       0.17       2.25     37.16
  391  479433      1519        1     1430     no   1873.31       -       1.19       0.17       1.95     36.93
  392  479434      1509        1     1430     no   1766.99       -       1.17       0.20       1.96     36.98
  393  479435      1518        1     1430     no   1860.50       -       1.00       0.15       1.74     36.87
  394  479437      1509        1     1430     no   1827.62       -       1.06       0.18       1.83     36.88
  395  481448      1524        1     1430     no   1741.29       -       0.93       0.20       1.72     37.44
  396  481805      1542        1     1430     no   1866.07       -       1.25       0.20       2.05     37.71
  397  483216      1515        8     1425  5'&3'   1674.65       -       1.17       0.27       2.03     37.15
  398  483218      1521        8     1425  5'&3'   1831.71       -       1.15       0.20       1.94     37.00
  399  483219      1538        1     1430     no   1850.47       -       0.84       0.18       1.62     37.50
  400  485913      1466        8     1425  5'&3'   1668.42       -       1.39       0.23       2.19     35.95
  401  485914      1472        6     1428  5'&3'   1205.71       -       1.13       0.51       2.21     38.39
  402  485915      1555        1     1430     no   1863.06       -       1.22       0.21       2.04     37.90
  403  485918      1526        1     1430     no   1716.98       -       1.01       0.25       1.86     37.57
  404  488538      1489        1     1430     no   1845.42       -       1.20       0.20       1.98     36.41
  405  489825      1369       74     1395  5'&3'   1639.00       -       1.00       0.19       1.73     32.37
  406  490899      1495        6     1427  5'&3'   1343.54       -       0.94       0.44       1.97     38.61
  407  491915      1557        1     1430     no   1903.62       -       1.32       0.21       2.13     37.87
  408  497964      1467       66     1430     5'   1633.59       -       1.26       0.26       2.10     35.35
  409  498211      1534        1     1430     no   1871.99       -       0.83       0.22       1.65     37.44
  410  498217      1544        1     1430     no   1862.47       -       0.91       0.24       1.75     37.77
  411  498742      1537        1     1430     no   1743.13       -       1.44       0.23       2.26     37.82
  412  498761      1528        1     1430     no   1857.10       -       1.30       0.19       2.08     37.24
  413  498848      1510        8     1430     5'   1781.87       -       1.19       0.19       1.98     36.93
  414  499229      1504       12     1421  5'&3'   1806.70       -       0.94       0.18       1.71     36.55
  415  500635      1063      414     1425  5'&3'   1314.97       -       0.75       0.13       1.29     22.31
  416  501479      1342       19     1350  5'&3'   1665.48       -       0.94       0.20       1.67     32.02
  417  502025      1556        1     1430     no   1846.66       -       1.34       0.20       2.13     38.08
  418  502347      1542        1     1430     no   1869.48       -       0.98       0.20       1.79     37.68
  419  504472      1507        1     1430     no   1676.15       -       0.88       0.26       1.73     37.21
  420  504728      1489        1     1430     no   1762.49       -       0.79       0.21       1.58     36.49
  421  504832      1489        1     1430     no   1842.38       -       0.91       0.17       1.65     36.35
  422  506534      1367       71     1356  5'&3'   1644.24       -       1.14       0.18       1.86     31.86
  423  509191      1499        8     1425  5'&3'   1857.35       -       0.76       0.21       1.55     36.45
  424  511062      1544        1     1430     no   1863.16       -       0.91       0.22       1.74     37.72
  425  511145      1542        1     1430     no   1859.52       -       0.99       0.25       1.84     37.71
  426  511995      1521        1     1430     no   1650.01       -       0.82       0.26       1.67     37.62
  427  513049      1482        8     1430     5'   1830.14       -       1.14       0.28       1.99     36.17
  428  515618      1560        2     1430     5'   1793.34       -       1.29       0.23       2.13     38.27
  429  515620      1532        1     1430     no   1820.54       -       0.80       0.24       1.64     37.39
  430  515622      1545        2     1430     5'   1793.52       -       0.86       0.19       1.65     37.77
  431  515635      1548        1     1430     no   1836.94       -       1.11       0.20       1.91     37.93
  432  517418      1492        1     1430     no   1744.10       -       1.08       0.23       1.89     36.60
  433  518766      1540        1     1430     no   1867.79       -       0.93       0.23       1.76     37.58
  434  519441      1518        1     1430     no   1742.95       -       1.07       0.18       1.85     37.32
  435  519442      1471        6     1427  5'&3'   1212.89       -       1.01       0.38       1.96     38.01
  436  521003      1054        8     1013  5'&3'   1261.04       -       0.71       0.13       1.26     22.26
  437  521011      1466        6     1427  5'&3'   1237.54       -       1.56       0.37       2.50     37.96
  438  521045      1546        1     1430     no   1758.01       -       0.91       0.22       1.72     37.86
  439  521096      1519        1     1430     no   1858.69       -       0.94       0.20       1.74     36.91
  440  521098      1538        1     1430     no   1848.73       -       0.92       0.22       1.74     37.54
  441  521460      1545        1     1430     no   1891.76       -       0.97       0.17       1.74     37.76
  442  521674      1536        2     1430     5'   1631.77       -       1.01       0.28       1.88     37.97
  443  522306      1538        1     1430     no   1833.93       -       0.93       0.22       1.75     37.50
  444  522373      1545        1     1430     no   1850.64       -       0.79       0.24       1.64     37.70
  445  522772      1552        1     1430     no   1798.65       -       1.17       0.20       1.98     37.76
  446  523791      1539        1     1430     no   1857.58       -       1.32       0.22       2.14     37.57
  447  523794      1512        1     1430     no   1763.02       -       1.15       0.19       1.93     37.07
  448  523846      1480        6     1427  5'&3'   1343.38       -       1.28       0.46       2.32     38.33
  449  523850      1486        6     1427  5'&3'   1332.98       -       1.03       0.51       2.12     38.42
  450  525257      1505        8     1425  5'&3'   1711.50       -       1.11       0.27       1.97     37.06
  451  525897      1550        1     1430     no   1861.58       -       1.04       0.20       1.85     37.70
  452  525898      1509        1     1430     no   1829.75       -       1.16       0.26       2.00     36.80
  453  525903      1524        2     1430     5'   1766.54       -       1.16       0.26       2.02     37.53
  454  525904      1505        1     1430     no   1784.21       -       1.14       0.22       1.95     36.93
  455  525909      1510        1     1430     no   1854.94       -       1.17       0.23       1.99     36.79
  456  526218      1514        1     1430     no   1734.26       -       1.12       0.24       1.96     37.20
  457  526225      1523        1     1430     no   1868.23       -       1.18       0.21       1.98     37.02
  458  529507      1542        2     1430     5'   1855.54       -       0.93       0.23       1.77     37.73
  459  530564      1522        1     1430     no   1685.55       -       1.04       0.26       1.89     37.51
  460  533240      1444       45     1430     5'   1728.04       -       1.05       0.19       1.82     34.83
  461  533247      1481       45     1430     5'   1712.20       -       1.01       0.20       1.79     35.68
  462  536227      1321      172     1430     5'   1644.69       -       1.13       0.15       1.79     30.32
  463  536233      1507        7     1429  5'&3'   1871.28       -       0.94       0.20       1.73     36.71
  464  537007      1451        2     1374  5'&3'   1583.99       -       1.39       0.21       2.16     35.03
  465  537021      1506        1     1430     no   1810.00       -       1.00       0.22       1.81     36.80
  466  543526      1474        6     1427  5'&3'   1219.53       -       1.25       0.53       2.35     38.40
  467  545696      1259      235     1425  5'&3'   1554.28       -       0.87       0.11       1.46     28.12
  468  546269      1535        1     1430     no   1791.30       -       0.86       0.25       1.71     37.78
  469  546274      1530        8     1425  5'&3'   1822.38       -       0.68       0.19       1.47     37.19
  470  547558      1474        6     1427  5'&3'   1178.42       -       1.14       0.54       2.25     38.37
  471  547559      1471        6     1427  5'&3'   1214.34       -       0.85       0.41       1.83     38.22
  472  548477      1513        8     1425  5'&3'   1754.79       -       0.81       0.20       1.60     36.85
  473  550540      1554        1     1430     no   1851.75       -       0.87       0.22       1.69     38.00
  474  551115      1490        1     1430     no   1800.41       -       0.82       0.22       1.63     36.43
  475  552811      1499        1     1430     no   1744.18       -       1.13       0.20       1.92     36.85
  476  553190      1527        1     1430     no   1792.09       -       0.96       0.21       1.77     37.25
  477  553217      1488       13     1398  5'&3'   1764.69       -       1.14       0.17       1.89     35.77
  478  555079      1520        2     1430     5'   1849.42       -       0.89       0.21       1.69     37.08
  479  555088      1441       42     1385  5'&3'   1734.68       -       1.21       0.18       1.96     34.18
  480  555217      1489        1     1430     no   1817.29       -       1.06       0.19       1.83     36.48
  481  555778      1537        1     1430     no   1873.51       -       1.45       0.18       2.23     37.44
  482  555779      1554        8     1430     5'   1873.06       -       1.27       0.18       2.05     37.67
  483  556261      1521        8     1425  5'&3'   1852.62       -       1.04       0.19       1.82     36.92
  484  556263      1313      199     1430     5'   1541.10       -       0.88       0.19       1.59     29.89
  485  556269      1519        8     1425  5'&3'   1817.27       -       0.98       0.27       1.84     36.99
  486  557598      1536        2     1430     5'   1817.80       -       1.05       0.22       1.87     37.47
  487  562970      1540        1     1430     no   1840.36       -       1.04       0.20       1.85     37.52
  488  562983      1546        8     1425  5'&3'   1855.89       -       1.37       0.18       2.16     37.57
  489  563192      1539        8     1425  5'&3'   1844.14       -       1.04       0.22       1.87     37.27
  490  565034      1515        1     1430     no   1707.38       -       0.81       0.23       1.63     37.18
  491  568816      1557        1     1430     no   1836.81       -       0.97       0.27       1.84     37.89
  492  572265      1549        1     1430     no   1819.76       -       1.00       0.27       1.88     37.95
  493  572477      1528        1     1430     no   1874.35       -       1.31       0.21       2.12     37.23
  494  572478      1511        6     1427  5'&3'   1340.38       -       1.49       0.54       2.63     38.94
  495  572479      1551        1     1430     no   1802.29       -       1.11       0.26       1.97     37.97
  496  572544      1522        1     1430     no   1780.37       -       1.17       0.21       1.98     37.26
  497  572546      1509        6     1427  5'&3'   1306.13       -       1.35       0.64       2.59     39.50
  498  572547      1532        1     1430     no   1805.19       -       1.09       0.22       1.91     37.51
  499  573061      1515        1     1430     no   1869.50       -       1.00       0.25       1.85     36.98
  500  573064      1476        6     1427  5'&3'   1376.12       -       0.88       0.41       1.87     38.05
  501  573065      1461        1     1430     no   1819.62       -       1.27       0.24       2.08     35.97
  502  573234      1526        1     1425     3'   1630.38       -       1.18       0.31       2.09     37.71
  503  573370      1549        1     1430     no   1847.17       -       0.94       0.32       1.87     37.75
  504  573413      1542        1     1430     no   1767.97       -       1.33       0.27       2.21     37.78
  505  574087      1537        1     1430     no   1795.83       -       1.27       0.31       2.18     37.64
  506  575540      1524        2     1430     5'   1640.18       -       1.42       0.28       2.29     37.84
  507  577650      1558        1     1430     no   1857.67       -       1.24       0.19       2.04     37.94
  508  579405      1543        1     1430     no   1854.79       -       1.30       0.21       2.12     37.80
  509  580327      1594        1     1430     no   1847.58       -       1.45       0.17       2.24     38.84
  510  580331      1600        1     1430     no   1852.33       -       1.12       0.21       1.95     39.09
  511  580332      1540        1     1430     no   1832.29       -       1.14       0.24       1.98     37.56
  512  580340      1531        1     1430     no   1816.09       -       1.04       0.19       1.83     37.38
  513  582402      1451        1     1430     no   1796.76       -       1.33       0.30       2.20     35.78
  514  582744      1545        1     1430     no   1831.95       -       1.08       0.26       1.94     37.85
  515  583355      1554        1     1430     no   1748.24       -       1.19       0.32       2.12     38.10
  516  583356      1507        6     1427  5'&3'   1343.72       -       1.32       0.47       2.38     38.87
  517  584708      1524        2     1430     5'   1781.60       -       1.10       0.24       1.94     37.39
  518  585530      1511        8     1425  5'&3'   1808.14       -       1.09       0.25       1.93     36.58
  519  585531      1519        1     1430     no   1863.25       -       0.95       0.26       1.81     36.99
  520  589865      1562        1     1430     no   1847.96       -       1.37       0.21       2.19     38.00
  521  589924      1510        6     1427  5'&3'   1307.25       -       1.20       0.54       2.33     39.37
  522  590998      1522        1     1430     no   1856.90       -       1.00       0.27       1.86     37.09
  523  592010      1522        8     1425  5'&3'   1809.36       -       0.93       0.24       1.77     37.11
  524  592015      1521        8     1425  5'&3'   1769.55       -       0.97       0.30       1.87     37.19
  525  592026      1543        8     1425  5'&3'   1863.61       -       1.49       0.17       2.26     37.38
  526  592027      1506        7     1429  5'&3'   1864.48       -       1.50       0.19       2.28     36.72
  527  592028      1524       28     1412  5'&3'   1735.85       -       1.01       0.18       1.79     36.69
  528  592316      1543        1     1430     no   1858.12       -       1.18       0.24       2.03     37.75
  529  595494      1546        1     1430     no   1856.55       -       1.22       0.24       2.07     37.75
  530  595499      1542        1     1430     no   1634.56       -       1.21       0.31       2.13     38.04
  531  595536      1369       19     1349  5'&3'   1706.19       -       1.17       0.15       1.85     32.30
  532  595537      1535        1     1430     no   1819.31       -       0.96       0.25       1.82     37.52
  533  596154      1529        1     1430     no   1808.82       -       1.12       0.26       1.98     37.44
  534  596324      1518        1     1369     3'   1661.78       -       1.13       0.20       1.93     36.38
  535  596327      1480        1     1378     3'   1524.51       -       1.26       0.25       2.09     36.01
  536  596328      1419       19     1350  5'&3'   1631.41       -       1.04       0.16       1.75     33.48
  537  596329      1317       69     1350  5'&3'   1626.25       -       1.12       0.21       1.86     30.68
  538  598659      1506        1     1430     no   1868.32       -       0.91       0.17       1.67     36.67
  539  608534      1498        9     1412  5'&3'   1763.76       -       0.98       0.20       1.77     36.34
  540  608538      1552        1     1430     no   1742.97       -       1.26       0.29       2.16     38.09
  541  621372       967      415     1350  5'&3'   1224.29       -       0.61       0.09       1.07     19.63
  542  622312       402      956     1350  5'&3'    502.12       -       0.09       0.03       0.28      6.31
  543  622637      1367       19     1349  5'&3'   1702.38       -       1.00       0.20       1.73     32.24
  544  626522      1518        8     1425  5'&3'   1620.40       -       1.24       0.28       2.12     37.52
  545  626523      1523        8     1425  5'&3'   1805.23       -       1.06       0.27       1.93     37.13
  546  626939      1610       28     1409  5'&3'   1757.36       -       1.25       0.19       2.07     38.53
  547  627192      1487        1     1430     no   1841.39       -       1.00       0.25       1.83     36.38
  548  632245      1506        7     1429  5'&3'   1862.77       -       1.23       0.22       2.04     36.63
  549  633131      1343       19     1349  5'&3'   1648.98       -       1.14       0.20       1.87     32.02
  550  633147      1515        1     1430     no   1826.68       -       1.22       0.21       2.02     36.95
  551  633148      1496        6     1427  5'&3'   1328.68       -       1.01       0.56       2.16     38.66
  552  634452      1488        1     1430     no   1815.97       -       1.16       0.25       2.00     36.39
  553  634497      1471        6     1427  5'&3'   1220.05       -       1.04       0.65       2.27     38.07
  554  634498      1473        6     1427  5'&3'   1262.53       -       1.09       0.81       2.48     38.57
  555  634500      1535        6     1429  5'&3'   1859.67       -       1.20       0.35       2.14     37.50
  556  634503      1544        1     1430     no   1863.38       -       1.19       0.29       2.09     37.77
  557  635013      1539        1     1430     no   1888.29       -       1.37       0.21       2.19     37.43
  558  637389      1540        1     1430     no   1832.16       -       1.12       0.29       2.02     37.61
  559  637616      1446       37     1372  5'&3'   1718.95       -       1.07       0.20       1.84     34.32
  560  637910      1542        1     1430     no   1866.48       -       1.07       0.25       1.92     37.71
  561  638300      1522        8     1425  5'&3'   1855.14       -       0.86       0.18       1.64     36.81
  562  638301      1538        8     1425  5'&3'   1875.14       -       0.91       0.25       1.77     37.24
  563  638302      1216      192     1348  5'&3'   1497.34       -       0.64       0.14       1.25     26.80
  564  638303      1581        2     1430     5'   1743.70       -       1.04       0.23       1.89     38.74
  565  639282      1561        1     1430     no   1867.46       -       1.05       0.26       1.92     37.90
  566  639283      1485        1     1430     no   1850.05       -       1.17       0.24       1.99     36.27
  567  640081      1540        1     1430     no   1834.81       -       1.01       0.23       1.85     37.52
  568  641146      1530        8     1425  5'&3'   1756.13       -       0.99       0.21       1.80     37.13
  569  641147      1531        8     1425  5'&3'   1803.92       -       1.18       0.21       1.99     37.28
  570  642492      1533        1     1430     no   1777.54       -       1.01       0.25       1.86     37.64
  571  643648      1734        1     1430     no   1884.74       -       1.24       0.20       2.10     42.00
  572  643867      1521        1     1430     no   1760.72       -       0.89       0.29       1.78     37.35
  573  644282      1557        1     1430     no   1851.30       -       1.07       0.22       1.90     38.05
  574  644284      1531        1     1430     no   1803.78       -       0.95       0.27       1.82     37.35
  575  644295      1478        6     1427  5'&3'   1224.73       -       0.85       0.58       2.01     38.73
  576  645512      1492        9     1400  5'&3'   1711.80       -       0.88       0.23       1.69     36.16
  577  645991      1566        1     1430     no   1846.94       -       1.05       0.21       1.88     38.24
  578  647113      1468        6     1427  5'&3'   1317.82       -       0.98       0.52       2.07     37.98
  579  648757      1481        2     1430     5'   1848.02       -       0.97       0.24       1.79     36.16
  580  648996      1589        1     1430     no   1831.09       -       1.16       0.19       1.97     38.74
  581  649349      1501        1     1430     no   1715.89       -       1.19       0.23       2.01     36.97
  582  649638      1509        1     1430     no   1789.21       -       1.09       0.22       1.90     36.85
  583  650150      1539        1     1430     no   1841.20       -       1.40       0.25       2.25     37.59
  584  652103      1489        1     1430     no   1841.15       -       1.53       0.22       2.33     36.37
  585  653733      1520        1     1430     no   1822.09       -       1.42       0.27       2.27     37.16
  586  655815      1526        1     1430     no   1728.35       -       1.36       0.26       2.22     37.57
  587  658187      1509        6     1400  5'&3'   1795.92       -       1.01       0.19       1.79     36.47
  588  660470      1529        1     1430     no   1690.98       -       1.35       0.22       2.17     37.64
  589  663278      1504        1     1430     no   1850.84       -       1.31       0.22       2.12     36.64
  590  663321      1543        1     1430     no   1819.68       -       0.95       0.23       1.78     37.77
  591  666510      1496        6     1427  5'&3'   1315.32       -       1.04       0.53       2.16     38.78
  592  666681      1538        1     1430     no   1816.91       -       1.24       0.20       2.04     37.60
  593  666684      1217      100     1294  5'&3'   1526.83       -       1.06       0.15       1.68     27.47
  594  667014      1574        2     1430     5'   1863.61       -       1.24       0.19       2.05     38.28
  595  667128      1486        2     1376  5'&3'   1698.11       -       1.09       0.16       1.83     35.81
  596  669262      1485        3     1377  5'&3'   1747.56       -       1.21       0.14       1.93     35.67
  597  670487      1531        1     1430     no   1811.64       -       1.20       0.19       1.99     37.34
  598  675635      1520        1     1430     no   1832.75       -       1.09       0.20       1.88     36.99
  599  675817      1474       28     1379  5'&3'   1749.03       -       0.92       0.17       1.67     35.13
  600  679191       986       19      936  5'&3'   1013.73       -       0.47       0.18       1.02     20.20
  601  679192      1393        6     1323  5'&3'   1669.35       -       1.13       0.20       1.87     32.86
  602  679197      1504        8     1425  5'&3'   1843.36       -       0.93       0.17       1.69     36.42
  603  679897      1499        1     1430     no   1848.47       -       0.72       0.16       1.47     36.51
  604  679901      1477        6     1427  5'&3'   1203.27       -       1.05       0.46       2.09     38.48
  605  679926      1467        6     1427  5'&3'   1226.37       -       1.23       0.41       2.22     38.21
  606  685035      1450        5     1400  5'&3'   1770.55       -       1.01       0.17       1.75     35.04
  607  685727      1520        1     1430     no   1866.26       -       0.87       0.19       1.65     36.96
  608  688245      1533        1     1430     no   1821.40       -       1.15       0.22       1.97     37.55
  609  693746      1530        1     1430     no   1823.07       -       0.94       0.20       1.74     37.36
  610  693977      1502        1     1430     no   1767.31       -       1.32       0.20       2.11     36.96
  611  694427      1528        1     1430     no   1709.04       -       1.03       0.20       1.83     37.64
  612  694429      1575        6     1427  5'&3'   1349.61       -       0.93       0.42       1.98     40.57
  613  694569      1540        1     1430     no   1801.21       -       0.89       0.20       1.69     37.69
  614  696127      1502        1     1430     no   1801.48       -       0.86       0.25       1.69     36.78
  615  697281      1540        2     1430     5'   1811.79       -       0.81       0.21       1.62     37.59
  616  697282      1523        8     1425  5'&3'   1859.20       -       0.99       0.22       1.81     37.04
  617  700015      1511        1     1430     no   1780.30       -       0.99       0.27       1.86     36.97
  618  700598      1530        1     1430     no   1703.42       -       0.92       0.23       1.75     37.70
  619  702113      1489        1     1430     no   1832.62       -       0.92       0.21       1.71     36.40
  620  702450       509      863     1350  5'&3'    631.57       -       0.19       0.06       0.43      8.53
  621  706433      1513        8     1425  5'&3'   1802.07       -       1.26       0.24       2.10     36.82
  622  709032      1512        1     1430     no   1816.77       -       0.98       0.24       1.81     36.90
  623  709991      1524        1     1430     no   1655.28       -       1.11       0.31       2.02     37.80
  624  710696      1522        1     1430     no   1858.86       -       1.01       0.22       1.84     37.02
  625  714943      1523        1     1430     no   1712.77       -       1.09       0.26       1.94     37.53
  626  714961      1487       59     1430     5'   1778.05       -       1.36       0.16       2.10     35.50
  627  716544      1553        1     1430     no   1762.45       -       0.91       0.25       1.77     38.05
  628  717231      1553        1     1430     no   1829.34       -       0.79       0.22       1.62     37.83
  629  717773      1540        1     1430     no   1834.71       -       0.85       0.23       1.69     37.64
  630  717785      1482        1     1430     no   1847.19       -       1.29       0.21       2.08     36.19
  631  717962      2876        8      955  5'&3'    919.79       -       1.66       0.25       2.83     58.58
  632  742767      1488        8     1398  5'&3'   1627.44       -       1.15       0.31       1.98     36.22
  633  742821      1523        8     1425  5'&3'   1825.68       -       1.24       0.23       2.00     36.98
  634  743718      1522        1     1430     no   1854.26       -       1.06       0.23       1.81     37.05
  635  743721      1545        1     1430     no   1862.53       -       1.23       0.17       1.93     37.58
  636  743722      1522        1     1430     no   1733.59       -       1.25       0.32       2.10     37.46
  637  744979      1367       19     1349  5'&3'   1694.14       -       1.00       0.21       1.69     32.36
  638  744980      1440        9     1395  5'&3'   1779.74       -       0.98       0.21       1.70     34.66
  639  745277      1543        1     1430     no   1859.10       -       1.08       0.22       1.83     37.77
  640  747365      1520        1     1430     no   1825.94       -       1.27       0.26       2.06     37.15
  641  748727      1510        1     1430     no   1873.43       -       1.18       0.20       1.91     36.79
  642  749222      1517        1     1430     no   1859.85       -       1.21       0.20       1.93     36.95
  643  749927      1517        1     1430     no   1861.51       -       1.20       0.20       1.93     36.95
  644  755731      1522        1     1430     no   1848.92       -       1.19       0.25       1.96     37.23
  645  755732      1525        1     1430     no   1723.37       -       1.23       0.23       1.98     37.53
  646  756067      1488        8     1425  5'&3'   1802.18       -       1.00       0.27       1.79     36.27
  647  757424      1535        1     1430     no   1809.62       -       1.11       0.23       1.88     37.48
  648  759362      1464        1     1430     no   1777.30       -       1.11       0.26       1.87     36.08
  649  760142      1658        1     1430     no   1831.26       -       1.18       0.27       2.03     40.43
  650  760192      1516        1     1430     no   1739.79       -       1.00       0.24       1.76     37.18
  651  760568      1744        1     1430     no   1895.63       -       1.10       0.23       1.92     42.17
  652  761193      1505        1     1430     no   1679.42       -       1.14       0.27       1.93     37.23
  653  762948      1527        1     1430     no   1817.89       -       1.05       0.17       1.75     37.21
  654  762982      1517        8     1425  5'&3'   1652.55       -       1.10       0.26       1.88     37.28
  655  762983      1478        8     1398  5'&3'   1782.86       -       0.96       0.17       1.65     35.68
  656  765420      1418       28     1392  5'&3'   1620.62       -       1.04       0.22       1.75     34.33
  657  765910      1528        1     1430     no   1886.19       -       1.21       0.16       1.89     37.20
  658  765952      1542        1     1430     no   1732.95       -       1.11       0.17       1.82     37.87
  659  768670      1550        1     1430     no   1849.20       -       1.23       0.19       1.95     37.71
  660  768679      1504        6     1427  5'&3'   1343.85       -       1.06       0.40       1.98     38.60
  661  768706      1568        1     1430     no   1886.31       -       1.27       0.22       2.03     38.15
  662  795359      1580        1     1430     no   1860.68       -       1.07       0.16       1.77     38.53
  663  795797      1473        6     1427  5'&3'   1224.79       -       0.97       0.40       1.88     38.25
  664  797209      1473        6     1428  5'&3'   1221.35       -       1.00       0.44       1.94     38.29
  665  797210      1470        6     1427  5'&3'   1216.14       -       0.93       0.40       1.84     38.51
  666  856793      1485        1     1430     no   1806.92       -       1.01       0.23       1.75     36.38
  667  857087      1533        1     1430     no   1862.65       -       1.03       0.19       1.75     37.48
  668  859654      1623        1     1430     no   1805.52       -       0.95       0.23       1.74     39.78
  669  862908      1557        2     1430     5'   1809.33       -       0.89       0.20       1.62     38.00
  670  864564      1528        1     1430     no   1772.75       -       1.09       0.14       1.76     37.21
  671  865938      1521        1     1430     no   1696.40       -       0.79       0.23       1.54     37.49
  672  866774      1467        1     1380     3'   1762.27       -       0.88       0.14       1.53     35.30
  673  866775      1548        1     1430     no   1868.63       -       1.08       0.17       1.78     37.63
  674  866776       389      156      494  5'&3'    403.98       -       0.06       0.04       0.25      6.10
  675  867900      1520        1     1430     no   1709.48       -       0.76       0.23       1.51     37.50
  676  867903      1439       19     1350  5'&3'   1753.30       -       0.97       0.16       1.63     33.81
  677  868132      1485        6     1428  5'&3'   1287.62       -       1.01       0.50       2.02     38.62
  678  868864      1583        1     1430     no   1823.10       -       0.86       0.16       1.56     38.58
  679  869210      1529        1     1430     no   1805.21       -       0.83       0.19       1.54     37.39
  680  871271      1532        1     1430     no   1753.08       -       1.00       0.18       1.70     37.73
  681  873517      1490        9     1412  5'&3'   1670.67       -       0.85       0.19       1.57     36.45
  682  875328      1534        1     1430     no   1815.70       -       0.96       0.16       1.65     37.36
  683  879305       549        1      494     3'    602.87       -       0.20       0.06       0.45      9.36
  684  880070      1524        1     1430     no   1738.94       -       0.92       0.22       1.68     37.56
  685  880072      1561        1     1430     no   1879.81       -       0.85       0.12       1.50     37.91
  686  880724      1469        6     1427  5'&3'   1373.59       -       0.85       0.35       1.71     37.90
  687  882884       532       26      494  5'&3'    594.24       -       0.13       0.07       0.39      9.03
  688  886377      1526        1     1430     no   1721.57       -       0.76       0.16       1.44     37.56
  689  887062      1519        8     1430     5'   1812.84       -       0.92       0.14       1.58     37.01
  690  887325      1334       63     1355  5'&3'   1588.88       -       0.96       0.12       1.55     31.21
  691  887327      1525        8     1425  5'&3'   1809.68       -       0.88       0.16       1.56     37.27
  692  887898      1519        8     1425  5'&3'   1835.00       -       0.77       0.15       1.45     36.96
  693  887929      1093        8     1030  5'&3'   1326.01       -       0.59       0.12       1.09     23.11
  694  888056      1530        9     1412  5'&3'   1723.11       -       0.87       0.16       1.56     37.06
  695  888060       531      413      934  5'&3'    655.22       -       0.16       0.05       0.41      9.00
  696  888746      1534        8     1425  5'&3'   1862.48       -       0.76       0.17       1.46     37.23
  697  903503      1543        1     1430     no   1825.73       -       0.99       0.20       1.72     37.84
  698  907931      1576        1     1430     no   1842.33       -       0.76       0.15       1.45     38.37
  699  908337      1504       30     1418  5'&3'   1804.08       -       0.72       0.17       1.41     36.13
  700  908338       443       65      494  5'&3'    526.97       -       0.11       0.10       0.36      7.45
  701  908340      1499       10     1398  5'&3'   1771.98       -       0.80       0.20       1.53     36.17
  702  908612      1372       65     1372  5'&3'   1519.12       -       0.69       0.26       1.44     32.50
  703  911045      1482        1     1430     no   1824.29       -       0.77       0.17       1.46     36.18
#                                                                          running time (s)                 
#                                                                   -------------------------------          
# idx  seq name  length  cm from    cm to  trunc    bit sc  avg pp  band calc  alignment      total  mem (Mb)
# ---  --------  ------  -------  -------  -----  --------  ------  ---------  ---------  ---------  --------
  704  926569      1501        1     1430     no   1704.66       -       0.59       0.13       1.16     36.94
  705  929506      1513        1     1430     no   1856.74       -       0.55       0.11       1.10     37.00
  706  930945      1496        6     1427  5'&3'   1293.51       -       0.51       0.25       1.21     38.96
  707  930946      1552        6     1430     5'   1837.94       -       0.54       0.10       1.10     37.70
  708  931626      1526        1     1430     no   1847.43       -       0.52       0.10       1.07     37.17
  709  933115      1555        4     1430     5'   1891.79       -       0.52       0.10       1.07     37.78
  710  933801      1499        6     1427  5'&3'   1295.26       -       0.74       0.26       1.45     39.23
  711  937774      1547        1     1430     no   1803.90       -       0.63       0.11       1.21     37.85
  712  940190      1555        2     1430     5'   1878.52       -       0.61       0.10       1.19     37.72
  713  940615       651      723     1343  5'&3'    797.63       -       0.09       0.05       0.35     11.67
  714  941770      1584        1     1430     no   1856.59       -       0.55       0.10       1.14     38.58
  715  945021      1559        1     1430     no   1842.90       -       0.66       0.12       1.26     37.98
  716  979556      1522        1     1430     no   1841.15       -       0.66       0.10       1.23     37.06
  717  981222      1500        1     1430     no   1747.53       -       0.72       0.13       1.30     36.97
  718  981383      1444       28     1357  5'&3'   1749.60       -       0.54       0.09       1.08     33.94
  719  983544      1520        1     1430     no   1720.46       -       0.68       0.13       1.28     37.45
  720  983548      1527        1     1430     no   1702.15       -       0.78       0.14       1.38     37.64
  721  985867      1378       19     1350  5'&3'   1698.09       -       0.50       0.10       1.03     32.60
  722  986075      1562        6     1428  5'&3'   1920.83       -       0.77       0.11       1.37     37.82
  723  987059      1531        1     1430     no   1832.31       -       0.85       0.12       1.43     37.31
  724  990316      1470        6     1427  5'&3'   1223.59       -       0.90       0.34       1.69     38.34
  725  992406      1517        1     1430     no   1732.20       -       0.74       0.13       1.34     37.39
  726  996637      1372      229     1430     5'   1580.52       -       0.53       0.12       1.07     31.02
  727  997346      1448       69     1425  5'&3'   1763.21       -       0.76       0.09       1.30     34.40
  728  998088      1545        1     1430     no   1877.79       -       0.81       0.12       1.41     37.71
  729  999141      1404       56     1358  5'&3'   1641.62       -       0.58       0.10       1.12     32.91
  730  1000565     1521        8     1425  5'&3'   1821.73       -       0.62       0.11       1.20     36.94
  731  1001994     1358       47     1371  5'&3'   1009.66       -       0.75       0.25       1.42     34.67
  732  1003200     1531        2     1430     5'   1810.24       -       0.81       0.16       1.44     37.42
  733  1004836     1477        8     1425  5'&3'   1815.25       -       0.82       0.14       1.43     35.97
  734  1005048     1531        1     1430     no   1828.02       -       0.71       0.11       1.29     37.39
  735  1005058     1537        1     1430     no   1807.56       -       0.77       0.13       1.36     37.62
  736  1006006     1496        6     1427  5'&3'   1255.37       -       0.84       0.31       1.61     39.58
  737  1006551     1540        1     1430     no   1858.05       -       0.74       0.13       1.35     37.70
  738  1007104     1477        8     1425  5'&3'   1823.00       -       0.82       0.13       1.41     35.94
  739  1007105     1541        1     1430     no   1814.52       -       0.78       0.12       1.38     37.72
  740  1009370     1560        5     1430     5'   1830.87       -       0.72       0.12       1.32     38.02
  741  1027292     1474       28     1379  5'&3'   1778.61       -       0.77       0.10       1.32     34.96
  742  1029718     1520        1     1430     no   1797.41       -       1.10       0.13       1.70     37.19
  743  1031711     1536        1     1430     no   1828.64       -       1.09       0.12       1.69     37.50
  744  1032480     1519        1     1430     no   1850.96       -       0.77       0.11       1.35     37.00
  745  1033802     1536        2     1430     5'   1876.72       -       0.99       0.12       1.58     37.43
  746  1033810     1533        3     1430     5'   1867.49       -       1.01       0.12       1.61     37.32
  747  1042156     1533        1     1430     no   1835.02       -       0.93       0.13       1.54     37.42
  748  1045854     1581        1     1430     no   1859.87       -       0.73       0.12       1.34     38.42
  749  1046627     1514        8     1425  5'&3'   1720.55       -       0.90       0.14       1.51     37.14
  750  1050720     1473        8     1425  5'&3'   1841.95       -       0.92       0.13       1.51     35.90
  751  1051632     1545        1     1430     no   1730.38       -       0.81       0.14       1.43     37.94
  752  1053648     1546        1     1430     no   1752.27       -       1.15       0.12       1.75     37.85
  753  1064535     1564        1     1430     no   1818.65       -       0.86       0.13       1.47     38.18
  754  1064539     1486        1     1430     no   1833.87       -       0.86       0.12       1.43     36.26
  755  1082931     1486        1     1430     no   1844.30       -       1.11       0.12       1.69     36.26
  756  1097668     1532        1     1430     no   1826.17       -       0.80       0.12       1.39     37.46
  757  1112204     1523        1     1430     no   1850.80       -       0.84       0.11       1.43     37.09
  758  1127134     1519        1     1430     no   1856.53       -       1.07       0.11       1.64     36.95
  759  1129369     1525        1     1430     no   1735.75       -       1.03       0.12       1.63     37.40
